TF	T060492_3.00
TF Name	Cebpe
Gene	ENSMUSG00000052435
Motif	M01897_3.00
Family	bZIP
Species	Mus_musculus
Pos	A	C	G	T
1	0.00022202486678508	0.00022202486678508	0.00022202486678508	0.999333925399645
2	0.112991618310767	0.000161186331399097	0.193584784010316	0.693262411347518
3	0.314249000571102	0.000142775556824672	0.228583666476299	0.457024557395774
4	0.000129802699896158	0.597222222222222	0.0390706126687435	0.363577362409138
5	0.0886892712550607	0.0127783400809717	0.873102226720648	0.0254301619433198
6	0.0507338056680162	0.809843117408907	0.000126518218623482	0.139296558704453
7	0.873102226720648	0.126644736842105	0.000126518218623482	0.000126518218623482
8	0.959076175040519	0.0136412749864938	0.0136412749864938	0.0136412749864938


TF	T060492_3.00
TF Name	Cebpe
Gene	ENSMUSG00000052435
Motif	M09959_3.00
Family	bZIP
Species	Mus_musculus
Pos	A	C	G	T
1	0.112267662100255	0.107018634346631	0.201585467692632	0.579128236158696
2	0.0	0.0	0.0992201844683277	0.900779815829892
3	0.227290652494473	0.0	0.465521576002736	0.307187771801005
4	0.0474028878097142	0.570578746626212	0.218067070119897	0.163951295742387
5	0.0859314832399654	0.0	0.914068517058254	0.0
6	0.320886469998357	0.445761614759023	0.000679892163317883	0.232672023377515
7	0.847065128699611	0.151397051045176	0.00153782055343251	0.0
8	1.00000000029823	0.0	0.0	0.0
9	0.0	0.149693242107593	0.0107324911301585	0.839574267060468
10	0.264576066807728	0.485680137873246	0.0407207075580686	0.209023088059172
11	0.21298372878488	0.0703224702481307	0.18068710767372	0.536006693591482
12	0.112918962190384	0.311449546583684	0.205292491518242	0.370339000005905


TF	T056962_3.00
TF Name	Cebpd
Gene	BAE29047.1
Motif	M01071_3.00
Family	bZIP
Species	Mus_musculus
Pos	A	C	G	T
1	0.285144019846167	0.238285326678359	0.238285326678359	0.238285326678359
2	1.18756749554706e-05	1.18756749554706e-05	1.18756749554706e-05	0.999964372856377
3	1.18756749554706e-05	1.18756749554706e-05	0.109248700981076	0.890727547550256
4	0.390751298959545	1.18756749554706e-05	0.380939008502416	0.228297816744327
5	1.18756749554706e-05	0.999964372856377	1.18756749554706e-05	1.18756749554706e-05
6	0.0333035754134966	1.18756749554706e-05	0.966672673117836	1.18756749554706e-05
7	0.104192367636239	0.789150316310621	1.18756749554706e-05	0.106645440259428
8	0.999964372856377	1.18756749554706e-05	1.18756749554706e-05	1.18756749554706e-05
9	0.964820352980521	0.0117265489669076	0.0117265489669076	0.0117265489669076


TF	T056962_3.00
TF Name	Cebpd
Gene	BAE29047.1
Motif	M01072_3.00
Family	bZIP
Species	Mus_musculus
Pos	A	C	G	T
1	1.0166567517217e-05	1.0166567517217e-05	1.0166567517217e-05	0.999969500378781
2	1.0166567517217e-05	1.0166567517217e-05	0.140583911406904	0.859395755539394
3	0.489309657512232	1.0166567517217e-05	0.365090467821213	0.145589708180371
4	1.0166567517217e-05	0.96348889928251	1.0166567517217e-05	0.0364907676637884
5	0.0694055957295943	1.0166567517217e-05	0.930574071216704	1.0166567517217e-05
6	0.0951545914328471	0.750811109191324	1.0166567517217e-05	0.154024132889644
7	0.96088314205699	0.0390965248893077	1.0166567517217e-05	1.0166567517217e-05
8	0.999969500378781	1.0166567517217e-05	1.0166567517217e-05	1.0166567517217e-05


TF	T056962_3.00
TF Name	Cebpd
Gene	BAE29047.1
Motif	M01871_3.00
Family	bZIP
Species	Mus_musculus
Pos	A	C	G	T
1	0.163836722704838	0.131482049772084	0.149735490174862	0.554945737348216
2	0.137413105818447	0.121874491825628	0.265865823754274	0.47484657860165
3	0.324281401064639	0.0986532977650315	0.311566145458528	0.265499155711802
4	0.152861235816782	0.441214236366228	0.138314565936579	0.26760996188041
5	0.2069056854342	0.082455855366982	0.591264263209825	0.119374195988994
6	0.220410862642684	0.466609799817077	0.0063948524541443	0.306584485086096
7	0.696859182684164	0.144978195777129	0.0638529866422579	0.0943096348964485
8	0.793827909488552	0.0347044076189395	0.071297887559403	0.100169795333106
9	0.0751218061833011	0.295630652140056	0.179309054488925	0.449938487187718


TF	T056962_3.00
TF Name	Cebpd
Gene	BAE29047.1
Motif	M09903_3.00
Family	bZIP
Species	Mus_musculus
Pos	A	C	G	T
1	0.388591119647207	0.14050536050298	0.327335376648632	0.143568147652909
2	0.457120982126862	0.164624809308669	0.318529863592587	0.05972434942361
3	0.0	0.0	0.0490045943988595	0.950995410052867
4	0.0428790200990021	0.0122511485997149	0.321592650742516	0.623277185010495
5	0.36179173208533	0.0371362941928857	0.389356816434688	0.211715161738823
6	0.125574273147077	0.313935682867694	0.225114855519761	0.335375192917195
7	0.0570444106674224	0.0784839207169234	0.848774888923997	0.0156967841433847
8	0.243874426813074	0.596094949054877	0.0141653905684204	0.145865238015355
9	0.982388978339636	0.0038284839374109	0.0137825421746792	0.0
10	0.963246558652583	0.0	0.0367534457991446	0.0
11	0.135911179778086	0.0715926496295838	0.18950995490184	0.602986220142217


